sample	sex	age	Diagnosis	smoking	RNA_Con	RIN	PSL	IS	antigen_identified	mold	bird	feather	FEV	FVC	DLCO	DSP	MUC5B	race_white	race_hisp	race_black	race_asian	rs35705950_genotype_GG	rs35705950_genotype_GT	rs35705950_genotype_TT	sample_type
chp_1	0	69.0	2	0.0	128.7	8.2	0	0	0	0.0	0.0	0.0	58.6903315	58.94968837		162	446	1	0	0	0	1	0	0	1
chp_2	0	56.0	2	1.0	50.4	7.5	1	0	1	1.0	0.0	0.0	73.43042467	86.54443012	53.49809894	82	115	1	0	0	0	0	1	0	1
chp_3	1	69.0	2	0.0	148.0	9.3	0	0	1	1.0	1.0	1.0	109.6190737	110.4053119	55.3638219	299	167	1	0	0	0	0	1	0	1
chp_4	0	67.0	2	1.0	165.5	10.0	0	0	1	1.0	1.0	0.0	84.64380854	68.61762126	64.65134321	283	1966	1	0	0	0	1	0	0	1
chp_5	0	66.0	2	1.0	80.0	9.9	0	0	1	0.0	1.0	0.0	83.79509435	79.34642059	48.01707134	402	1526	1	0	0	0	0	1	0	1
chp_6	1	61.0	2	1.0	112.9	6.4	0	0	1	0.0	1.0	1.0	93.84094554	93.03160382	64.5760985	162	681	1	0	0	0	1	0	0	1
chp_7	0	28.0	2	0.0	371.3	10.0	1	1	1	1.0	0.0	0.0	23.16639329	21.16278232		229	315	1	0	0	0	1	0	0	0
chp_8	0	77.0	2	1.0	130.9	6.1	0	0	1	1.0	0.0	1.0	80.0201399	64.61820905	53.34700979	130	29	1	0	0	0	0	1	0	1
chp_9	0	52.0	2	0.0	138.1	8.2	0	0	0	0.0	0.0	0.0	37.31033911	66.17043343	92.02976445	161	19	1	0	0	0	1	0	0	1
chp_10	0	38.0	2	0.0	75.0	5.6	1	0	1	1.0	0.0	1.0	64.85202777	63.10827251	47.69237644	168	780	1	0	0	0	1	0	0	1
chp_11	1	64.0	2	1.0	20.0	8.8	0	0	1	1.0	0.0	0.0	27.49400042	58.54442823	24.61598331	904	6883	1	0	0	0	1	0	0	0
chp_12	0	61.0	2	1.0	58.9	6.6	0	0	1	0.0	0.0	1.0	53.09172079	49.13133474	31.6966798	202	8	1	0	0	0	1	0	0	1
chp_13	0	68.0	2	1.0	34.5	6.1	0	0	1	0.0	0.0	1.0	90.02792055	76.14728577	79.30954632	133	43	1	0	0	0	1	0	0	1
chp_14	0	54.0	2	0.0	113.6	6.5	0	0	1	0.0	0.0	1.0	70.30919791	72.17622864	76.28758277	141	1009	1	0	0	0	1	0	0	1
chp_15	0	53.0	2	0.0	318.4	6.4	1	1	1	1.0	1.0	1.0	27.76824946	26.79743816		156	5295	1	0	0	0	1	0	0	0
chp_16	1	55.0	2	1.0	95.7	5.9	0	0	1	1.0	0.0	1.0	67.2235569	57.64029084	10.98633937	581	4885	1	0	0	0	1	0	0	0
chp_17	1	79.0	2		31.7	8.4	0	0	0		0.0		144.3158119	102.8979221	50.29469125	109	4670	1	0	0	0	0	1	0	0
chp_18	0	54.0	2	1.0	26.5	8.2	1	1	1	0.0	1.0	0.0	20.57310801	21.60138249		239	22	1	0	0	0	1	0	0	0
chp_19	0	63.0	2	1.0	100.7	5.5	1	0	0	0.0	0.0	0.0	87.21665122	84.4015738		22	8	1	0	0	0	1	0	0	1
chp_20	1	65.0	2	1.0	32.0	6.0	0	0	1	1.0	0.0	1.0	110.6138082	95.27322793	60.69945639	191	2904	1	0	0	0	0	1	0	1
chp_21	1	65.0	2	0.0	92.6	7.9	1	1	0	0.0	0.0	0.0	57.85612822	55.03792406	26.23227055	135	414	0	1	0	0	1	0	0	0
chp_22	1	45.0	2	1.0	136.2	6.1	0	0	1	0.0	0.0	1.0	107.6942272	100.6365969	68.81525398	177	2335	1	0	0	0	0	1	0	1
chp_23	1	61.0	2	1.0	70.7	6.0	0	0	0	0.0	0.0	0.0	112.2915088	98.48652954	117.0326668	46	28	1	0	0	0	0	1	0	1
chp_24	0	61.0	2	1.0	227.2	5.8	0	1	0	0.0	0.0	0.0	94.88306506	86.22229167	73.58226377	120	75	1	0	0	0	1	0	0	1
chp_25	0	70.0	2	1.0	113.6	7.9	1	0	1	0.0	0.0	1.0	48.30686818	44.74195339	33.19414244	368	5202	1	0	0	0	0	0	1	1
chp_26	1	72.0	2	1.0	375.7	5.9	0	0	1	1.0	0.0	1.0	102.6841032	104.4014013	36.57266915	292	130	1	0	0	0	1	0	0	1
chp_27	1	45.0	2	0.0	147.2	5.9	1	1	0	0.0	0.0	0.0	79.59688454	88.03268759	33.61391523	137	1687	1	0	0	0	1	0	0	0
chp_28	1	64.0	2	1.0	242.9	7.3	0	0	1	1.0	0.0	0.0	68.71268282	67.81609567	27.61711267	321	2629	1	0	0	0	1	0	0	0
chp_29	1	48.0	2	0.0	358.4	5.2	1	0	1	1.0	0.0	0.0	54.4902653	45.20281859	29.54866827	151	1392	1	0	0	0	1	0	0	1
chp_30	0	61.0	2	0.0	84.8	6.2	1	1	1	1.0	0.0	0.0	49.04739068	46.14030946	25.0401609	156	819	1	0	0	0	0	1	0	0
chp_31	1	62.0	2	1.0	346.0	5.7	1	0	1	1.0	0.0	1.0	108.0951733	96.77692137	38.8378567	123	701	0	1	0	0	0	1	0	1
chp_32	0	56.0	2	0.0	473.3	9.3	1	0	1	1.0	1.0	1.0	31.07959201	24.50346818		127	247	1	0	0	0	1	0	0	0
chp_33	0	51.0	2	1.0	154.1	8.3	0	0	1	0.0	1.0	0.0	59.51676334	59.96978544	18.50834132	78	8	1	0	0	0	1	0	0	0
chp_34	1	49.0	2	0.0	155.9	7.5	0	0	1	1.0	1.0	0.0	77.1583068	71.26836233	43.33711013	47	25	1	0	0	0	0	1	0	1
chp_35	0	76.0	2	0.0	189.6	7.8	0	0	1	0.0	0.0	1.0	86.67334669	72.75862069	65.80464187	161	240	1	0	0	0	1	0	0	1
chp_36	0	55.0	2	1.0	187.7	8.1	1	1	1	1.0	1.0	1.0	33.61633598	29.74788666		153	1915	1	0	0	0	1	0	0	0
chp_37	1	62.0	2	0.0	326.4	8.9	0	0	0	0.0	0.0	0.0	50.13303017	38.82010585		47	2	0	0	1	0	1	0	0	0
chp_38	1	74.0	2	1.0	385.5	8.1	0	0	1	1.0	1.0	0.0	123.5829913	110.9268597	34.1437164	91	17	1	0	0	0	1	0	0	1
chp_40	NA		2		142.9	5.2	NA	NA	0							308	438	0	0	0	0	1	0	0	0
chp_43	0	53.0	2		98.0	8.9	NA	NA	0							94	15	0	0	0	0	1	0	0	0
chp_44	0	58.0	2		11.6	6.2	NA	NA	0							160	43	0	0	0	0	1	0	0	0
chp_45	1	62.0	2		48.8	8.9	NA	NA	0							41	55	0	0	0	0	0	1	0	0
chp_47	1	63.0	2		37.7	6.3	NA	NA	0							23	8	0	0	0	0	1	0	0	0
chp_48	0	68.0	2		32.7	8.5	NA	NA	0							116	311	0	0	0	0	0	1	0	0
chp_49	0	71.0	2		26.2	8.5	NA	NA	0							215	415	0	0	0	1	0	1	0	0
chp_50	1	73.0	2		12.3	7.6	NA	NA	0							158	759	0	0	0	0	0	1	0	0
chp_101	0	66.0	2	0.0	373.8	7.7	0	0	1	1.0	1.0	0.0	127.0	124.0	74.0	332	300	0	0	0	0	1	0	0	1
chp_103	1	60.0	2	1.0	93.1	8.0	1	0	1	0.0	1.0	0.0	64.0	60.0	81.0	73	0	1	0	0	0	1	0	0	1
chp_104	1	64.0	2	1.0	234.8	4.6	1	0	1	1.0	0.0	0.0	41.0	34.0	20.0	317	2001	1	0	0	0	1	0	0	0
chp_105	0	39.0	2	0.0	451.1	7.4	1	0	1	0.0	0.0	1.0	20.0	19.0		204	40	0	1	0	0	1	0	0	0
chp_106	0	61.0	2	1.0	241.1	4.4	1	0	0	0.0	0.0	0.0	58.0	47.0		103	534	0	0	0	1	0	1	0	0
chp_108	0	57.0	2	1.0	86.7	4.6	0	0	0	0.0	0.0	0.0	59.0		14.0	90	375	0	1	0	0	0	1	0	0
chp_109	0	55.0	2	0.0	181.3	6.2	1	0	0	0.0	0.0	0.0	32.0	28.0		29	40	1	0	0	0	1	0	0	0
chp_110	0	63.0	2	1.0	292.4	5.6	1	1	1	0.0	0.0	1.0	55.0	45.0	25.0	42	1401	1	0	0	0	0	1	0	0
chp_111	1	72.0	2	1.0	337.9	4.1	0	0	0	0.0	0.0	0.0			24.0	246	4131	1	0	0	0	0	1	0	0
chp_112	0	49.0	2	0.0	737.6	5.9	1	1	1	0.0	1.0	0.0	22.0	21.0		206	2515	1	0	0	0	1	0	0	0
chp_113	1	32.0	2	0.0	222.4	5.2	0	0	0	0.0	0.0	0.0			11.0	181	72	1	0	0	0	1	0	0	0
chp_114	1	32.0	2	0.0	376.4	6.8	0	0	1	0.0	1.0	0.0			27.0	94	13	0	1	0	0	1	0	0	0
chp_115	0	67.0	2	0.0	451.3	5.6	1	0	0	0.0	0.0	0.0	45.0	39.0		248	1174	0	0	0	1	1	0	0	0
chp_117	0	63.0	2	1.0	334.5	7.4	1	0	1	0.0	1.0	0.0	55.0	48.0		165	14	1	0	0	0	1	0	0	0
chp_119	0	64.0	2	1.0	96.2	3.7	0	0	0	0.0	0.0	0.0		47.0		237	494	1	0	0	0	0	1	0	0
chp_120	0	50.0	2	0.0	84.9	8.0	1	0	1	0.0	0.0	1.0	30.0	26.0		219	210	1	0	0	0	0	1	0	0
chp_121	0	60.0	2	1.0	195.3	5.6	0	0	1	0.0	1.0	0.0	52.0	44.0		844	3006	1	0	0	0	1	0	0	0
chp_122	1	64.0	2	1.0	349.1	6.0	1	0	0	0.0	0.0	0.0	37.0	29.0	19.0	68	815	1	0	0	0	0	1	0	0
chp_125	1	55.0	2	0.0	693.4	6.7	0	0	1	1.0	0.0	1.0	52.0		47.0	183	293	1	0	0	0	1	0	0	0
chp_126	0	57.0	2	0.0	603.0	5.2	1	0	1	1.0	0.0	0.0	47.0	38.0	21.0	273	1359	1	0	0	0	1	0	0	0
chp_127	1	46.0	2	0.0	387.8	6.6	1	0	1	1.0	0.0	0.0	39.0	33.0		155	751	1	0	0	0	1	0	0	0
chp_128	0	74.0	2	1.0	399.5	5.6	0	0	1	1.0	0.0	0.0	41.0	33.0	22.0	273	1796	1	0	0	0	1	0	0	0
chp_129	0	50.0	2	1.0	516.8	7.0	0	0	0	0.0	0.0	0.0				63	9	1	0	0	0	1	0	0	0
chp_130	1	55.0	2	0.0	694.2	6.3	1	0	0	0.0	0.0	0.0	75.0	69.0	31.0	359	1468	0	1	0	0	0	1	0	0
chp_131	0	55.0	2	0.0	298.3	3.6	1	0	1	0.0	1.0	1.0	25.0	22.0	15.0	121	1232	1	0	0	0	0	1	0	0
chp_132	0	67.0	2	0.0	262.8	4.4	0	0	0	0.0	0.0	0.0	44.0	38.0		302	646	1	0	0	0	1	0	0	0
chp_133	1	57.0	2	0.0	315.0	2.8	1	1	1	0.0	1.0	0.0	29.0	23.0	20.0	932	6313	1	0	0	0	1	0	0	0
chp_134	1	36.0	2	0.0	192.8	4.7	0	0	1	0.0	1.0	0.0	46.0	41.0	26.0	27	164	0	1	0	0	1	0	0	0
chp_135	1	56.0	2	1.0	294.3	4.0	0	0	1	1.0	1.0	0.0	45.0	37.0	17.0	635	5724	0	1	0	0	0	1	0	0
chp_136	1	65.0	2	1.0	584.8	6.1	0	0	1	1.0	0.0	1.0	42.0	38.0	34.0	471	2960	1	0	0	0	0	1	0	0
chp_137	1	67.0	2	1.0	532.4	5.9	1	1	0	0.0	0.0	0.0	47.0	39.0		700	12611	1	0	0	0	1	0	0	0
chp_138	1	56.0	2	1.0	597.3	4.4	0	0	0	0.0	0.0	0.0	33.0	35.0	25.0	203	2594	0	1	0	0	0	1	0	0
chp_141	1	65.0	2	0.0	479.1	5.2	0	0	1	0.0	1.0	0.0	47.0	39.0	28.0	156	4049	0	1	0	0	1	0	0	0
chp_142	1	70.0	2	1.0	384.6	4.1	1	0	1	0.0	1.0	1.0	45.0	36.0		66	1092	1	0	0	0	0	1	0	0
chp_143	0	73.0	2	1.0	402.7	5.4	1	1	1	0.0	1.0	0.0	50.0	42.0	24.0	383	9238	0	0	0	1	1	0	0	0
chp_144	1	66.0	2	0.0	428.1	3.4	1	0	0	0.0	0.0	0.0	51.0	47.0	34.0	153	1657	1	0	0	0	0	1	0	0
ipf_244	1	54.0	1	1.0	150.0	5.7	NA	NA	0	0.0	0.0	0.0	39.0	39.0	14.0	304	12379	1	0	0	0	1	0	0	1
control_256	1	62.0	0	1.0	172.0	7.2	NA	NA	0				95.0	95.0	63.0	77	156	1	0	0	0	1	0	0	0
control_257	0	73.0	0	0.0	35.4	7.2	NA	NA	0	0.0	0.0	1.0			54.0	120	150	0	0	0	1	1	0	0	1
control_258	0	50.0	0	1.0	226.0	6.2	NA	NA	0	0.0	1.0	1.0	91.0	88.0	55.0	118	50	1	0	0	0	1	0	0	1
ipf_261	0	72.0	1	1.0	132.0	5.5	NA	NA	0	0.0	0.0	1.0	104.0	104.0	67.0	169	21	1	0	0	0	1	0	0	1
control_263	0	51.0	0	2.0	37.7	6.9	NA	NA	0	0.0	0.0	1.0	110.0	107.0	68.0	59	20	1	0	0	0	1	0	0	1
control_264	0	67.0	0	1.0	84.9	6.0	NA	NA	0	1.0	1.0	1.0	91.0	91.0	73.0	163	36	1	0	0	0	1	0	0	1
control_267	0	49.0	0	1.0	89.1	5.6	NA	NA	0	0.0	0.0	0.0	111.0	111.0	86.0	199	156	1	0	0	0	1	0	0	1
control_269	0	59.0	0	2.0	28.7	5.1	NA	NA	0	0.0	1.0	1.0	162.0	162.0	137.0	147	20	1	0	0	0	1	0	0	1
ipf_270	1	59.0	1	1.0	33.6	6.5	NA	NA	0	0.0	0.0	0.0	72.0	78.0	39.0	205	74	1	0	0	0	0	1	0	1
control_273	0	67.0	0	0.0	28.6	6.5	NA	NA	0	0.0	0.0	1.0	83.0	82.0	65.0	127	116	1	0	0	0	0	1	0	1
control_279	0	69.0	0	0.0	41.5	6.7	NA	NA	0	0.0	0.0	1.0	89.0	89.0	66.0	201	43	1	0	0	0	1	0	0	1
control_280	1	64.0	0	1.0	194.0	6.8	NA	NA	0	0.0	0.0	1.0	87.0	76.0	46.0	309	3061	1	0	0	0	1	0	0	1
control_281	0	70.0	0	0.0	18.7	6.7	NA	NA	0	0.0	1.0	0.0	80.0	80.0	54.0	137	60	1	0	0	0	1	0	0	1
ipf_282	1	65.0	1	0.0	14.8	5.2	NA	NA	0	0.0	0.0	0.0	69.0	62.0	55.0	37	79	1	0	0	0	0	1	0	1
control_283	0	56.0	0	0.0	115.0	6.3	NA	NA	0	0.0	0.0	0.0	106.0	97.0	73.0	161	81	1	0	0	0	1	0	0	1
ipf_285	1	66.0	1	1.0	216.0	7.0	NA	NA	0	1.0	1.0	1.0	136.0	114.0	52.0	223	814	1	0	0	0	1	0	0	1
control_286	0	55.0	0	1.0	46.2	6.5	NA	NA	0	0.0	0.0	0.0	103.0	103.0	76.0	127	24	1	0	0	0	1	0	0	1
control_288	1	67.0	0	1.0	268.0	5.5	NA	NA	0	1.0	1.0	1.0	102.0	102.0	55.0	271	90	1	0	0	0	1	0	0	1
control_289	0	65.0	0	1.0	22.6	5.6	NA	NA	0	1.0	1.0	1.0	102.0	102.0	69.0	181	79	1	0	0	0	1	0	0	1
control_291	0	73.0	0	0.0	56.6	7.1	NA	NA	0	0.0	0.0	0.0	142.0	142.0	102.0	67	17	1	0	0	0	1	0	0	1
control_292	0	59.0	0	0.0	36.8	7.4	NA	NA	0	1.0	0.0	0.0	91.0	92.0	64.0	42	35	1	0	0	0	1	0	0	1
control_293	0	57.0	0		77.8	5.4	NA	NA	0	1.0	0.0	1.0	90.0	90.0	77.0	93	15	1	0	0	0	1	0	0	1
control_294	1	51.0	0	0.0	115.0	7.2	NA	NA	0	1.0	0.0	0.0	90.0	89.0	56.0	193	575	1	0	0	0	0	1	0	0
control_295	1	60.0	0	1.0	132.0	5.3	NA	NA	0	0.0	1.0	0.0	85.0	78.0	60.0	299	1354	1	0	0	0	1	0	0	0
control_296	0	64.0	0	0.0	74.8	7.3	NA	NA	0	0.0	0.0	1.0	95.0	95.0	70.0	278	1084	1	0	0	0	1	0	0	0
control_298	1	66.0	0	1.0	72.8	6.2	NA	NA	0	0.0	1.0	0.0	98.0	93.0		77	13	0	1	0	0	1	0	0	1
control_299	1	65.0	0		61.2	6.7	NA	NA	0	0.0	0.0	1.0	97.0	97.0	65.0	203	1680	1	0	0	0	0	1	0	0
control_300	1	53.0	0	1.0	258.0	6.3	NA	NA	0				82.0	82.0	53.0	176	65	1	0	0	0	0	1	0	0
ipf_301	0	71.0	1	1.0	70.1	5.8	NA	NA	0	9.0	0.0	0.0	78.0	78.0	32.0	451	10057	1	0	0	0	0	1	0	0
control_306	0	64.0	0	0.0	16.9	6.1	NA	NA	0	1.0	0.0	0.0	93.0	88.0	94.0	66	74	1	0	0	0	0	1	0	1
ipf_307	1	65.0	1	1.0	155.0	6.2	NA	NA	0	0.0	0.0	1.0	72.0	70.0	39.0	606	1143	1	0	0	0	0	1	0	1
ipf_309	1	59.0	1	0.0	72.2	5.8	NA	NA	0	0.0	0.0	1.0	79.0	79.0	76.0	330	5498	1	0	0	0	1	0	0	1
control_315	0	71.0	0	0.0	56.3	7.2	NA	NA	0	0.0	0.0	0.0	102.0	102.0	89.0	29	337	1	0	0	0	0	1	0	1
ipf_318	1	71.0	1	1.0	29.1	5.9	NA	NA	0	1.0	1.0	1.0	88.0	88.0	41.0	325	1028	1	0	0	0	1	0	0	0
control_319	1	72.0	0	1.0	38.9	6.4	NA	NA	0	0.0	1.0	1.0	89.0	89.0	76.0	142	206	1	0	0	0	1	0	0	0
control_324	1	65.0	0		43.8	6.2	NA	NA	0	1.0	0.0	1.0	104.0	102.0	52.0	168	388	0	0	1	0	1	0	0	1
control_327	1	74.0	0	1.0	124.0	6.3	NA	NA	0	0.0	0.0	1.0	95.0	95.0	55.0	164	1419	1	0	0	0	1	0	0	0
ipf_328	1	61.0	1	1.0	521.0	5.4	NA	NA	0	0.0	1.0	1.0	88.0	78.0	62.0	91	292	1	0	0	0	0	1	0	1
control_330	0	62.0	0	1.0	41.1	5.9	NA	NA	0				102.0	102.0	88.0	230	847	1	0	0	0	0	1	0	1
control_331	0	55.0	0	0.0	42.3	5.5	NA	NA	0	0.0	0.0	9.0	82.0	82.0	71.0	179	51	0	0	1	0	1	0	0	1
control_332	0	75.0	0	1.0	251.0	7.0	NA	NA	0	0.0	1.0	1.0	104.0	104.0	90.0	178	22	1	0	0	0	1	0	0	1
ipf_336	1	55.0	1	1.0	322.0	5.9	NA	NA	0	0.0	1.0	1.0	50.0	47.0	28.0	494	10729	1	0	0	0	1	0	0	0
control_337	1	60.0	0	1.0	221.0	5.6	NA	NA	0	0.0	0.0	1.0	88.0	88.0	78.0	164	436	1	0	0	0	0	1	0	1
control_339	1	63.0	0	1.0	65.1	6.1	NA	NA	0	0.0	1.0	1.0	106.0	106.0	99.0	209	19	1	0	0	0	1	0	0	0
control_340	0	55.0	0	0.0	89.9	6.8	NA	NA	0	0.0	0.0	0.0	95.0	95.0	67.0	269	62	1	0	0	0	1	0	0	1
ipf_341	1	52.0	1	1.0	796.0	6.6	NA	NA	0	0.0	0.0	1.0	46.0	46.0	26.0	262	1048	1	0	0	0	1	0	0	1
control_342	1	64.0	0	0.0	478.0	6.6	NA	NA	0				88.0	88.0	59.0	94	37	1	0	0	0	1	0	0	0
ipf_403	1	37.0	1		219.0	5.1	NA	NA	0				30.0	26.0	15.0	92	366	1	0	0	0	1	0	0	1
ipf_410	0	62.0	1		221.0	5.5	NA	NA	0				49.0	41.0	15.0	1149	43687	1	0	0	0	0	1	0	0
control_574	0	38.0	0	0.0	146.0	8.1	NA	NA	0							126	13	1	0	0	0	1	0	0	0
control_576	1	55.0	0	1.0	72.3	7.1	NA	NA	0							104	38	1	0	0	0	1	0	0	0
control_646	1	51.0	0	1.0	224.0	7.9	NA	NA	0							97	26	1	0	0	0	1	0	0	0
control_657	1	73.0	0	1.0	182.0	6.4	NA	NA	0							101	516	1	0	0	0	1	0	0	0
control_661	0	68.0	0	1.0	228.0	7.8	NA	NA	0							215	185	1	0	0	0	1	0	0	0
control_666	1	43.0	0	0.0	235.0	5.5	NA	NA	0							83	501	1	0	0	0	0	1	0	0
control_671	1	72.0	0	0.0	105.0	6.1	NA	NA	0							77	26	1	0	0	0	1	0	0	0
control_687	1	56.0	0	1.0	87.5	6.9	NA	NA	0							437	3888	1	0	0	0	0	1	0	0
control_691	1	79.0	0	1.0	73.4	6.7	NA	NA	0							103	83	1	0	0	0	0	1	0	0
control_695	0	79.0	0	0.0	141.0	5.4	NA	NA	0							132	38	1	0	0	0	1	0	0	0
control_698	0	48.0	0	0.0	260.0	6.7	NA	NA	0							100	1084	1	0	0	0	1	0	0	0
control_699	0	54.0	0	1.0	374.0	7.1	NA	NA	0							139	4683	1	0	0	0	1	0	0	0
control_703	1	50.0	0	1.0	125.0	5.8	NA	NA	0							116	8	1	0	0	0	1	0	0	0
control_709	1	34.0	0	1.0	541.0	8.1	NA	NA	0							53	77	1	0	0	0	1	0	0	0
control_710	1	56.0	0	1.0	526.0	7.6	NA	NA	0							87	664	1	0	0	0	1	0	0	0
control_714	1	28.0	0	1.0	432.0	6.6	NA	NA	0							82	8	1	0	0	0	1	0	0	0
ipf_724	1	67.0	1	1.0	85.6	8.3	NA	NA	0							138	90	1	0	0	0	1	0	0	0
ipf_726	0	48.0	1	0.0	373.0	5.4	NA	NA	0							119	357	1	0	0	0	0	0	1	0
ipf_729	1	59.0	1	0.0	323.0	7.0	NA	NA	0							188	365	1	0	0	0	1	0	0	0
ipf_730	0	62.0	1	1.0	184.0	7.7	NA	NA	0							412	6807	0	0	1	0	1	0	0	0
ipf_731	1	59.0	1	0.0	394.0	7.7	NA	NA	0							78	140	1	0	0	0	1	0	0	0
ipf_732	0	58.0	1	0.0	210.0	7.6	NA	NA	0							81	206	1	0	0	0	0	1	0	0
ipf_733	1	55.0	1	0.0	142.0	7.4	NA	NA	0							735	13161	1	0	0	0	0	1	0	0
ipf_735	1	62.0	1	1.0	219.0	7.2	NA	NA	0							131	1909	1	0	0	0	1	0	0	0
control_738	1	67.0	0	1.0	110.0	6.5	NA	NA	0	0.0	0.0	1.0	116.0	116.0	83.0	205	1284	1	0	0	0	0	0	1	1
ipf_739	1	55.0	1	1.0	230.0	7.2	NA	NA	0	0.0	0.0	0.0	55.0	44.0	13.0	83	297	1	0	0	0	0	1	0	1
control_740	0	68.0	0	1.0	108.0	6.6	NA	NA	0				80.0	80.0	86.0	134	143	1	0	0	0	1	0	0	1
ipf_742	0	54.0	1	0.0	135.0	6.4	NA	NA	0	0.0	1.0	1.0	40.0	39.0	22.0	216	11579	1	0	0	0	1	0	0	1
control_744	0	64.0	0		363.0	6.6	NA	NA	0	1.0	0.0	1.0	96.0	104.0	73.0	41	19	1	0	0	0	1	0	0	1
ipf_747	1	70.0	1	1.0	217.0	6.0	NA	NA	0	0.0	1.0	0.0	55.0	55.0	18.0	440	13477	1	0	0	0	1	0	0	1
control_750	0	60.0	0	0.0	81.7	6.4	NA	NA	0				121.0	121.0	73.0	280	508	1	0	0	0	0	1	0	1
ipf_751	1	73.0	1	1.0	413.0	5.4	NA	NA	0	1.0	0.0	0.0	43.0	43.0	36.0	101	1081	1	0	0	0	0	1	0	1
ipf_755	1	68.0	1	0.0	101.0	5.6	NA	NA	0	0.0	1.0	0.0	94.0	94.0	52.0	204	406	1	0	0	0	0	1	0	1
ipf_756	0	56.0	1	1.0	364.0	7.3	NA	NA	0	0.0	0.0	0.0	36.0	33.0		105	1126	1	0	0	0	0	1	0	1
ipf_757	0	70.0	1		279.0	6.1	NA	NA	0				32.0	32.0	13.0	209	262	1	0	0	0	0	1	0	1
ipf_762	0	50.0	1	1.0	178.0	7.9	NA	NA	0	0.0	0.0	0.0	46.0	44.0	29.0	78	603	1	0	0	0	0	1	0	1
ipf_763	1	50.0	1	1.0	234.0	7.0	NA	NA	0	0.0	0.0	0.0	39.0	35.0	5.0	348	772	1	0	0	0	0	1	0	1
ipf_765	0	61.0	1		74.7	8.2	NA	NA	0				86.0	86.0	49.0	83	42	1	0	0	0	1	0	0	1
control_766	0	54.0	0	1.0	120.0	7.6	NA	NA	0	0.0	0.0	1.0	116.0	116.0	95.0	75	17	1	0	0	0	1	0	0	1
control_768	1	67.0	0	1.0	98.7	8.0	NA	NA	0				96.0	96.0	103.0	79	88	1	0	0	0	1	0	0	1
control_772	1	47.0	0	0.0	74.6	6.0	NA	NA	0	0.0	0.0	0.0	103.0	103.0	86.0	110	20	1	0	0	0	1	0	0	1
ipf_774	1	73.0	1	1.0	439.0	6.0	NA	NA	0	0.0	0.0	0.0				925	10030	0	0	0	1	1	0	0	1
ipf_779	0	50.0	1	1.0	115.0	6.7	NA	NA	0							1000	25824	1	0	0	0	1	0	0	1
ipf_780	1	54.0	1	0.0	462.0	6.5	NA	NA	0	0.0	0.0	0.0	33.0	32.0	14.0	156	55	1	0	0	0	0	1	0	1
ipf_782	0	52.0	1	1.0	126.0	8.5	NA	NA	0	1.0	0.0	0.0	65.0	65.0	20.0	257	5723	1	0	0	0	1	0	0	1
control_784	1	65.0	0	1.0	35.2	5.2	NA	NA	0	0.0	0.0	1.0	81.0	81.0	59.0	17	178	1	0	0	0	1	0	0	1
ipf_785	1	60.0	1	1.0	149.0	6.4	NA	NA	0	0.0	1.0	0.0	85.0	83.0	19.0	233	3895	1	0	0	0	0	0	1	1
ipf_787	1	65.0	1	0.0	584.0	5.7	NA	NA	0	0.0	0.0	1.0	57.0	49.0	21.0	453	12524	1	0	0	0	1	0	0	0
control_788	1	60.0	0	0.0	83.8	6.0	NA	NA	0	0.0	0.0	0.0	104.0	110.0	60.0	151	73	1	0	0	0	1	0	0	1
control_792	0	67.0	0	0.0	200.0	5.5	NA	NA	0				99.0	99.0	54.0	104	13	0	0	1	0	1	0	0	1
control_794	0	51.0	0	1.0	225.0	6.2	NA	NA	0	0.0	0.0	1.0	85.0	85.0	70.0	93	946	1	0	0	0	0	1	0	0
control_796	0	65.0	0	1.0	49.4	7.6	NA	NA	0	0.0	0.0	1.0	79.0	79.0	83.0	187	867	1	0	0	0	1	0	0	0
ipf_798	1	49.0	1	0.0	246.0	7.2	NA	NA	0	0.0	0.0	0.0	45.0	39.0	31.0	253	1253	1	0	0	0	1	0	0	0
ipf_799	0	73.0	1	1.0	38.3	6.8	NA	NA	0	0.0	0.0	1.0	66.0	57.0	20.0	140	267	1	0	0	0	0	1	0	0
ipf_809	0	64.0	1	1.0	242.0	6.5	NA	NA	0	0.0	1.0	1.0	68.0	68.0	36.0	566	2221	1	0	0	0	0	1	0	0
ipf_812	0	62.0	1	0.0	166.0	6.0	NA	NA	0	1.0	1.0	1.0	76.0	76.0	72.0	180	1409	1	0	0	0	0	1	0	1
ipf_813	1	69.0	1	0.0	234.0	7.5	NA	NA	0	0.0	0.0	0.0	45.0	35.0		121	647	1	0	0	0	1	0	0	1
control_823	1	63.0	0	0.0	32.4	8.2	NA	NA	0	1.0	0.0	1.0	109.0	109.0		205	273	1	0	0	0	1	0	0	1
control_825	0	49.0	0	0.0	920.0	5.8	NA	NA	0	0.0	0.0	0.0	100.0	100.0	71.0	122	173	1	0	0	0	0	1	0	1
ipf_826	0	72.0	1	1.0	312.0	6.6	NA	NA	0	0.0	0.0	1.0	100.0	100.0	39.0	134	3385	1	0	0	0	0	1	0	1
ipf_827	1	61.0	1	1.0	499.0	7.1	NA	NA	0	0.0	0.0	1.0	86.0	74.0	20.0	393	4617	1	0	0	0	0	1	0	1
control_828	1	72.0	0	0.0	42.6	6.7	NA	NA	0	0.0	0.0	1.0	109.0	103.0		143	33	1	0	0	0	1	0	0	1
ipf_829	1	56.0	1	0.0	456.0	5.7	NA	NA	0	0.0	0.0	0.0			32.0	243	4823	0	1	0	0	1	0	0	1
control_834	0	64.0	0	2.0	55.6	6.6	NA	NA	0	1.0	0.0	1.0	97.0	95.0	78.0	83	1182	1	0	0	0	0	1	0	0
control_836	1	71.0	0	0.0	45.5	6.3	NA	NA	0	0.0	1.0	1.0	90.0	85.0	66.0	41	5	1	0	0	0	1	0	0	1
control_842	0	61.0	0	0.0	122.0	7.1	NA	NA	0				91.0	91.0	54.0	41	38	1	0	0	0	1	0	0	0
ipf_845	1	53.0	1	1.0	414.0	5.8	NA	NA	0	0.0	1.0	1.0	57.0	52.0	18.0	329	3451	1	0	0	0	1	0	0	1
control_849	1	72.0	0	1.0	126.0	6.3	NA	NA	0	0.0	0.0	0.0			60.0	99	28	0	0	0	1	1	0	0	0
control_851	0	67.0	0	0.0	35.8	6.6	NA	NA	0				82.0	82.0	66.0	98	1328	1	0	0	0	0	1	0	0
ipf_852	0	50.0	1	0.0	191.0	6.6	NA	NA	0	1.0	0.0	0.0	38.0	40.0	7.0	240	876	0	0	1	0	1	0	0	0
ipf_853	1	64.0	1	1.0	543.0	7.1	NA	NA	0	0.0	0.0	0.0	53.0	53.0	29.0	237	2852	1	0	0	0	1	0	0	0
control_854	0	66.0	0	0.0	136.0	7.3	NA	NA	0				92.0	92.0	64.0	100	623	1	0	0	0	0	1	0	0
ipf_856	0	68.0	1	1.0	79.7	5.9	NA	NA	0	0.0	1.0	0.0				204	1489	1	0	0	0	0	1	0	1
ipf_877	0	69.0	1	1.0	152.0	6.2	NA	NA	0							105	673	1	0	0	0	1	0	0	0
control_878	0	52.0	0	1.0	419.0	6.4	NA	NA	0							111	81	1	0	0	0	1	0	0	0
ipf_887	1	51.0	1	1.0	188.0	5.4	NA	NA	0							148	604	1	0	0	0	1	0	0	0
ipf_888	1	65.0	1	1.0	126.0	5.9	NA	NA	0							152	1559	1	0	0	0	1	0	0	0
ipf_894	0	59.0	1		120.0	6.3	NA	NA	0							94	1993	0	0	1	0	1	0	0	0
ipf_899	1	64.0	1	0.0	230.0	6.4	NA	NA	0							357	4729	1	0	0	0	0	0	1	0
control_900	1	64.0	0	1.0	299.0	6.7	NA	NA	0							250	20	1	0	0	0	1	0	0	0
control_912	1	36.0	0	0.0	14.0	6.2	NA	NA	0							171	21	1	0	0	0	1	0	0	0
ipf_914	1	64.0	1	0.0	230.0	6.8	NA	NA	0							85	521	1	0	0	0	0	1	0	0
ipf_916	0	62.0	1		364.0	5.8	NA	NA	0							66	70	1	0	0	0	1	0	0	0
ipf_917	1	52.0	1	0.0	323.0	7.0	NA	NA	0							227	1174	1	0	0	0	0	1	0	0
control_919	0	53.0	0	0.0	325.0	6.9	NA	NA	0							89	125	1	0	0	0	1	0	0	0
control_920	0	60.0	0	1.0	170.0	5.7	NA	NA	0							50	188	0	0	1	0	1	0	0	0
control_923	1	53.0	0	0.0	185.0	7.3	NA	NA	0							85	23	1	0	0	0	1	0	0	0
ipf_924	0	80.0	1	0.0	457.0	5.8	NA	NA	0							315	7351	1	0	0	0	0	1	0	0
ipf_926	1	68.0	1	1.0	266.0	6.1	NA	NA	0							434	930	1	0	0	0	0	1	0	0
control_927	0	60.0	0	1.0	390.0	6.7	NA	NA	0							111	160	1	0	0	0	0	1	0	0
control_929	0	69.0	0	1.0	411.0	6.0	NA	NA	0							73	482	1	0	0	0	1	0	0	0
control_932	0	59.0	0	0.0	162.0	6.2	NA	NA	0							218	45	1	0	0	0	1	0	0	0
control_933	1	56.0	0	1.0	254.0	7.6	NA	NA	0							10	38	1	0	0	0	1	0	0	0
ipf_938	0	62.0	1		89.6	6.6	NA	NA	0							322	6650	1	0	0	0	1	0	0	0
ipf_940	0	68.0	1	0.0	450.0	5.7	NA	NA	0							225	2725	1	0	0	0	1	0	0	0
control_947	0	57.0	0		213.0	6.0	NA	NA	0							60	97	1	0	0	0	1	0	0	0
control_951	1	64.0	0	1.0	431.0	6.3	NA	NA	0							116	1065	1	0	0	0	1	0	0	0
ipf_954	0	73.0	1	0.0	410.0	6.8	NA	NA	0							100	1551	1	0	0	0	1	0	0	0
control_955	0	73.0	0	1.0	314.0	7.3	NA	NA	0							224	5	1	0	0	0	1	0	0	0
control_956	1	46.0	0	0.0	508.0	6.1	NA	NA	0							107	17	1	0	0	0	1	0	0	0
control_961	0	62.0	0	1.0	132.0	6.4	NA	NA	0							70	14	1	0	0	0	1	0	0	0
control_964	1	35.0	0	0.0	59.1	6.3	NA	NA	0							165	49	1	0	0	0	0	1	0	0
ipf_965	0	61.0	1	0.0	285.0	7.5	NA	NA	0							578	7804	1	0	0	0	1	0	0	0
control_973	0	38.0	0	0.0	326.0	7.8	NA	NA	0							117	21	1	0	0	0	1	0	0	0
control_975	1	44.0	0	1.0	163.0	7.9	NA	NA	0							233	124	1	0	0	0	0	1	0	0
control_978	1	69.0	0	0.0	296.0	6.6	NA	NA	0							48	2235	1	0	0	0	0	0	1	0
control_980	0	66.0	0	0.0	87.2	7.9	NA	NA	0							127	389	1	0	0	0	1	0	0	0
control_982	0	57.0	0	1.0	227.0	5.4	NA	NA	0							202	85	1	0	0	0	1	0	0	0
ipf_990	1	48.0	1	0.0	372.0	5.4	NA	NA	0							135	1	1	0	0	0	1	0	0	0
ipf_992	1	45.0	1	1.0	163.0	7.7	NA	NA	0							69	2228	1	0	0	0	0	1	0	0
ipf_994	0	68.0	1	0.0	126.0	5.3	NA	NA	0							676	5964	1	0	0	0	1	0	0	1
ipf_997	1	51.0	1	1.0	283.0	6.7	NA	NA	0							501	12233	0	1	0	0	0	1	0	0
ipf_998	0	61.0	1	1.0	287.0	7.8	NA	NA	0							68	12	1	0	0	0	1	0	0	0
ipf_1017	0	58.0	1	1.0	148.0	7.4	NA	NA	0							256	3075	1	0	0	0	1	0	0	0
ipf_1022	1	41.0	1	0.0	51.9	8.0	NA	NA	0							46	33	0	0	0	0	1	0	0	0
ipf_1024	0	70.0	1	0.0	162.0	6.8	NA	NA	0							285	1518	1	0	0	0	0	0	1	0
ipf_1029	1	65.0	1	0.0	223.0	7.0	NA	NA	0							416	5741	1	0	0	0	1	0	0	0
ipf_1030	0	50.0	1	1.0	643.0	6.0	NA	NA	0							271	3892	0	0	0	0	0	1	0	0
ipf_1031	1	66.0	1	1.0	299.0	7.3	NA	NA	0							76	42	0	1	0	0	1	0	0	0
ipf_1034	0	58.0	1	0.0	456.0	6.5	NA	NA	0							72	167	1	0	0	0	1	0	0	0
ipf_1036	0	63.0	1	0.0	250.0	7.7	NA	NA	0							55	928	0	0	0	0	0	0	1	0
ipf_1038	0	63.0	1	0.0	231.0	7.0	NA	NA	0							83	2503	0	0	1	0	1	0	0	0
ipf_1041	1	52.0	1	0.0	185.0	7.6	NA	NA	0							261	2696	0	1	0	0	0	0	1	0
ipf_1042	0	64.0	1	0.0	124.0	7.7	NA	NA	0							486	11361	0	1	0	0	1	0	0	0
ipf_1043	1	46.0	1	1.0	208.0	7.0	NA	NA	0							229	3994	1	0	0	0	1	0	0	0
ipf_1048	0	58.0	1	1.0	222.0	7.0	NA	NA	0							452	6339	1	0	0	0	0	1	0	0
ipf_1049	0	65.0	1	0.0	81.2	7.8	NA	NA	0							233	692	1	0	0	0	0	1	0	0
ipf_1053	1	64.0	1	1.0	189.0	7.8	NA	NA	0							157	2096	0	1	0	0	0	1	0	0
ipf_1056	1	59.0	1	1.0	345.0	6.9	NA	NA	0							546	10015	1	0	0	0	1	0	0	0
ipf_1057	1	69.0	1	0.0	243.0	7.3	NA	NA	0							292	7669	1	0	0	0	0	1	0	0
ipf_1060	1	56.0	1	0.0	428.0	7.7	NA	NA	0							222	14934	0	1	0	0	0	1	0	0
ipf_1061	0	68.0	1	0.0	251.0	6.6	NA	NA	0							94	1046	1	0	0	0	0	1	0	0
ipf_1063	0	63.0	1	1.0	214.0	5.9	NA	NA	0							509	9445	0	0	0	0	0	1	0	0
ipf_1067	1	45.0	1	0.0	331.0	5.9	NA	NA	0							233	1053	1	0	0	0	1	0	0	0
ipf_1071	0	54.0	1	1.0	341.0	7.0	NA	NA	0							221	771	1	0	0	0	1	0	0	0
ipf_1074	1	46.0	1	0.0	584.0	5.9	NA	NA	0							161	1105	1	0	0	0	1	0	0	0
ipf_1084	0	70.0	1	1.0	612.0	6.5	NA	NA	0							167	3054	1	0	0	0	0	1	0	0
control_1089	0	50.0	0	1.0	571.0	6.1	NA	NA	0							114	9	0	1	0	0	1	0	0	0
control_1092	0	53.0	0	0.0	83.0	6.5	NA	NA	0							172	80	0	1	0	0	1	0	0	0
control_1096	0	64.0	0		281.0	5.4	NA	NA	0							216	64	0	0	1	0	1	0	0	0
control_1097	1	53.0	0	0.0	562.0	5.1	NA	NA	0							276	3146	0	1	0	0	0	1	0	0
control_1102	0	59.0	0	1.0	349.0	6.3	NA	NA	0							123	46	0	0	0	1	1	0	0	0
control_1109	0	76.0	0		128.0	7.9	NA	NA	0							118	99	0	0	1	0	1	0	0	0
control_1111	0	66.0	0	0.0	685.0	6.8	NA	NA	0							87	331	0	0	1	0	1	0	0	0
control_1112	0	60.0	0	1.0	415.0	6.6	NA	NA	0							199	35	0	0	1	0	1	0	0	0
control_1113	1	55.0	0	0.0	172.0	6.0	NA	NA	0							236	188	0	0	1	0	1	0	0	0
ipf_1125	0	67.0	1	1.0	259.0	7.2	NA	NA	0							99	543	1	0	0	0	1	0	0	0
ipf_1130	1	61.0	1	1.0	228.0	6.5	NA	NA	0							88	997	1	0	0	0	0	1	0	0
ipf_1164	1	45.0	1	1.0	103.1	5.2	NA	NA	0							199	405	1	0	0	0	1	0	0	0
ipf_1168	0	59.0	1	1.0	88.3	5.8	NA	NA	0							77	4	1	0	0	0	1	0	0	0
ipf_1169	1	55.0	1	1.0		6.0	NA	NA	0							67	223	1	0	0	0	0	1	0	0
ipf_1170	1	63.0	1	1.0	75.7	5.6	NA	NA	0							62	304	0	0	0	1	0	1	0	0
ipf_1172	0	65.0	1	0.0	136.0	6.4	NA	NA	0	0.0	1.0	1.0	67.0	67.0	28.0	105	473	1	0	0	0	0	1	0	1
ipf_1176	0	71.0	1	1.0	340.0	6.4	NA	NA	0	1.0	0.0	0.0	50.0	50.0	23.0	219	565	1	0	0	0	0	1	0	1
ipf_1181	1	60.0	1	1.0	41.4	6.3	NA	NA	0	0.0	1.0	1.0	84.0	84.0	22.0	80	481	1	0	0	0	0	1	0	1
ipf_H03	1		1		96.6	6.5	NA	NA	0							683	7197	0	0	0	0	1	0	0	0
